1
0
0
0
1
0
0
0
1
5
5
6
6
0
9
18
25
74
0
49
34
112
183
111
330
208
368
378
323
307
431
432
487
352
323
1138
1119
1074
1146
1222
852
926
1661
2210
1930
1781
1089
1442
1261
1832
3058
2105
3257
2917
2055
1927
2498
2678
3735
3503
5514
3379
4613
5385
6276
7218
6209
4970
4588
6633
6935
10503
9888
10222
10611
6760
5632
9258
11358
13971
15305
14919
7938
13140
17408
19951
18508
20803
16508
15813
11687
16324
20599
26417
26928
33274
16409
11598
28936
28633
30925
30830
27075
18912
15654
32091
32913
30412
25982
21704
17110
20647
34918
32188
22765
54771
34666
17459
21432
39436
42725
39483
46860
38693
30476
24052
33846
46712
48105
42223
37923
26051
20229
65305
24571
42619
45048
39023
24831
20286
41857
39924
45403
34177
28532
23529
20257
41008
67860
59961
55891
51147
24578
23284
38513
72377
56837
52383
45392
25800
16476
51768
56951
53340
50230
49970
23010
22048
52160
55155
60091
50644
41576
23101
19373
47784
49298
45323
30355
50032
23421
17078
47134
47161
44235
51214
32202
17504
45961
42659
46934
42298
51638
22168
22540
11285
14279
35816
40557
43718
33523
14768
15155
36653
36820
36303
39797
33057
16389
13439
33536
33281
32817
31911
28378
14318
13155
32058
33413
36157
33431
26237
8529
11946
41906
31553
27750
27444
26749
12342
8429
10220
27235
28523
30914
24062
10982
15383
23227
24818
33862
20301
27700
13493
15726
29787
28629
26106
22282
18802
10245
8501
11843
23976
22294
18862
22380
10554
10917
23973
48655
31723
40113
29463
14134
13371
35294
34091
35918
38397
32622
18615
16207
31100
47898
37614
34130
51922
24468
21138
50909
49863
50434
46884
43209
26363
20371
51088
53453
53347
54428
43900
21825
25193
42889
70574
69825
52545
37730
37892
25019
55202
46696
58428
24615
17246
18479
20548
58718
55649
56773
22721
17711
17214
18102
58679
56756
94517
52035
62290
29792
25822
64025
60899
67758
66047
64718
33040
23671
62094
64385
59119
56552
62334
28323
26816
61963
63520
61811
59826
58462
27756
24591
54096
56002
56873
50872
50630
26845
23439
51486
59602
54742
51546
44299
24759
23856
63612
56766
51879
51050
57472
29026
26986
62715
66588
65998
65169
61602
34027
35742
59925
71704
75102
75495
69609
80508
32321
70764
79876
75412
85663
75555
44435
36239
74595
99634
86982
90570
79069
47774
49293
82493
89414
100736
84245
85948
44326
38927
84494
90638
91097
70238
43515
31359
28645
86979
92625
86652
93317
71832
37017
35785
82186
73513
73174
85774
67636
42980
30624
69381
79719
45178
69105
71137
32572
28636
72140
79726
69389
68333
66964
28935
24619
77359
73295
73380
78886
63430
38911
25200
72715
76692
74592
85536
67009
40941
29916
75445
79219
82039
76855
76490
35819
37498
73453
80486
67467
49768
79670
43520
30434
78926
95601
83391
37936
66017
39637
37156
52911
85748
88092
85149
78700
37948
39846