0
0
0
0
0
0
0
0
0
0
0
0
0
0
0
0
0
0
0
0
0
1
3
3
4
7
7
9
12
13
18
15
22
22
23
42
39
58
60
73
54
67
114
133
141
116
67
99
105
204
204
188
217
211
115
113
166
165
407
357
346
189
338
474
449
435
428
421
275
296
600
615
610
751
730
496
396
881
749
844
824
816
485
674
1179
888
1188
1001
965
653
807
1039
1086
1156
1124
956
480
623
1262
1349
1473
1005
904
525
679
1272
1274
1239
909
892
612
627
1282
1269
1238
1206
1022
641
663
1374
1185
1141
990
1109
552
692
1280
1038
1252
1290
1091
602
620
1254
1223
1220
1214
1071
631
733
1300
1233
1322
1163
912
716
632
1367
1284
1311
1156
1211
555
614
852
1664
1129
1212
1088
541
556
1159
1469
1205
1079
905
572
703
1274
1175
1262
1060
709
620
684
1352
1212
1204
1054
892
494
565
1271
1085
984
922
881
376
553
1215
1184
871
851
567
581
320
504
1075
983
874
814
415
381
1113
987
829
858
739
363
377
836
869
831
729
869
335
317
863
1031
718
708
597
367
323
819
734
729
682
559
290
201
309
749
713
754
461
230
271
661
565
498
569
434
231
263
549
510
513
508
406
191
179
243
610
630
279
254
128
231
174
566
866
712
921
140
216
685
756
606
552
376
194
302
630
654
691
514
587
272
287
697
698
755
694
664
313
376
842
836
770
672
686
279
433
964
936
1091
824
555
559
527
968
961
762
506
307
344
431
1111
1194
1074
445
331
293
466
1248
925
1841
962
1171
469
480
1110
1274
1131
1038
1163
551
452
1192
1340
1316
1096
1202
592
627
1214
1283
1386
1119
1279
559
595
1210
1254
1232
1279
978
522
636
1350
1330
1351
1288
1043
713
528
1167
1150
1367
1308
1212
527
639
1386
1428
1541
1337
1386
721
778
1641
1910
1699
1800
1555
1086
987
1972
2286
2233
2216
1986
1138
1057
2340
3149
2724
2815
2438
1290
1383
3251
1999
2787
3650
3438
1656
1660
3780
3869
3769
2922
1987
1240
1319
4195
3829
4249
3693
2616
1803
1480
3808
3459
3560
3305
2929
1657
1347
3321
3472
2027
2914
3076
1305
1139
3086
3163
3001
2595
2656
1202
983
2966
2811
2550
2165
2202
1024
889
2311
2494
2383
2211
2087
1036
786
2513
2641
2403
2215
1899
860
790
2173
2398
2245
2371
2012
874
860
2408
2507
1682
1454
1689
873
1010
2378
2723
2504
2216
2037
1129
827